...2 3 33 33 ,3333 333
333333 3333 3 33 3333
333 3 33 33333 3..
, , 333 33333 ,333 3..
. 3333333 x... 33333 3333

339 14333333- 43313333 3333 , .
33 333 333 ,33 3333 3 333- 3333 333
3333 ,33 .3 3.. 33333333 ,33333
333333 33 3... ... ,333 J... 0... 3333, 3333333 33
3333 33333 333 3,,33 ,3333333333
33 3333 ³.. 33 3... ..223 a. ,333 ..3 333
333 3333333 393 ‚E 3333433 3433 a. ,b
3333 33 333333333333333,
3... 33333 Ἡ ,3,333 333 ,333 ,333 33...
...333 3333333333333 3,.33333
3333 3333 3333333 ,33 33 ,33333 ..3 333
,33 ,3 333 a.. 33333 ,3333333333
33.. 303... ,33333 ..35 3333, ,333
3333333333 3 333 333. ,3 ,3333 ,333
33 ,333 ³... 3. .... ,333- 33 33 33 A.. ..3333
33 33333 3,,333333333333,
,33 33, 33. 3 333333 33 3,, 333 3 ,3,
,333 33 333 333, 333 ,33333 33 ,33 3...
33333. 3333 3.... ..333 333 333 3333333 333

ἒ

m..

 

