333 3,,3 333, 3333, 333 ,3, 3333 3333 33333
333 33333 ,33 333 ,333 333 33333, 33 ,33333 333
33333 33333 33, 33, 33 33 33 333, 333
333 3,,,3 3333 33 333 33333 333 333 3

3 ,333 33333 Λ,3333 333333

333, 333333 3333 ,33333
3333333333, ,
59 3333333 tm ,3 3 3 ,33 ,33333 3333
{m ,3333333 33333333. 3 3333 ,333 3333
,3333 3 ,333 33333333 3333333333
33333υ 4333 ,aa 3333333 0«ss aa) 333 ‚39 33
3, 33 3 33 333 33 ,333 ,3333 3333, 33333 q„
33333333333334333333333
33333333333333333333333

‚33⁶ ,3333333 3333

,333333333333333 ,
33333333333,
ἒ333ξ333333τ3ἢ333ᾶᾜ3ἱν333

ἒὶωῖΛκ-ἫἏΨέῖἒῖἲ

,ΙΙΙ-11

a

 

