3 33 333333, ,33 3 33 33333333, 3,,33
»a 333 Ἃ, ,mmo φ,3333 N3 Ἡ 3333333333, 3,),
33 3,, {N 333, 333 33333, ff , 3,3 343333
33, ,3 33333333333 2233
, Ἒκῖπέὣπῦαῗέ
33333, 3,,,3,3 3. 33 3.,33 §N 33333
,3 ,3. {a 333333, a.» 3,33 ,333
3353333333333343333
3 3333, 333 ,3333
3,,,3 333333 ,3 333333 33333333 333 3333
333333, {sm qNNN Nffiaxnzn NNNN3, 3029 3333,
3333333 3 333333 ,3 ...33333 ,3 ,3 33,
, 333333 333333,333333,,3,3,,33
3333 33333, ,33 3,3 QN0N ,3, 33 33 3333 4333 333
,333 3 33, ,33333 a„ ..3 333 333333
u 3343 3,, 33333 333 3„ 33,3 33333 333,ψ ,3
3343333 3333333 333333 33333 &032 33333
,33 33 ,33 333 3 ,333 3333, 3 33333
...3 3, 3,,33. 333. 3333333, 3333 333333, ,3 3,,

 

